-0.74433305
-1.03817586
-1.14088712
-1.24818874
-1.13471814
-1.25159835
-1.50769314
-1.28970319
-1.65214827
-1.66668027
-1.60612259
-1.98572657
-2.21953708
-2.12811778
-2.29639961
-2.52576372
-2.44677123
-2.40687945
-2.68627132
-2.61946005
-3.03122915
-3.17325888
-2.95119098
-3.62249078
-3.33061644
-3.55314816
-3.65330083
-3.53323727
-4.23562221
-3.81075858
-4.47156711
-4.06010827
-4.16962549
-4.66556996
-4.58168028
-4.97340825
-4.97818521
-4.82194034
-4.62177213
-4.50937919
-4.99890718
-4.77108649
-4.95808652
-4.58665842
-4.74874448
-5.58589834
-4.60202507
-5.179768
-4.82596302
-5.53952528
-5.41145602
-5.05645982
-4.99378285
-5.22255794
-4.20758604
-4.74100345
-4.43697577
-4.81592526
-4.57444525
-3.74372819
-4.9455148
-3.39973248
-3.18953084
-3.30604649
-3.07690902
-2.92145794
-3.95020129
-3.83893769
-1.70623892
-1.95430428
-1.7687247
-2.06940258
-0.83572323
-2.68204078
-1.923074
-1.07924349
-1.69297778
-0.34783854
0.20189995
-0.35706415
0.62284543
0.48969083
1.84655873
-0.03252862
0.46256027
1.33116958
0.60096364
-0.39791519
0.35813803
-0.16338908
2.2590835
2.37085307
2.63914886
1.45209988
1.21938808
1.74760416
1.38608254
0.70686674
0.7475957
-0.59178016
0.62034482
-0.24813012
0.49561643
-0.48777584
-2.70582802
-2.23095702
-3.85736107
-4.89661669
-3.50533132
-8.92534309
-5.26865738
-6.75950083
-10.81116245
-11.89899717
-14.97824456
-12.60481929
-16.5103863
-18.66672665
-21.13801769
-17.72067551