-1.88199558
-1.68906229
-1.89576592
-1.97962991
-1.79938712
-1.86735981
-1.82284433
-1.93863129
-1.9250936
-2.07570273
-2.04090641
-2.07957881
-2.15245561
-2.12553495
-2.29848025
-2.29907596
-2.0424529
-2.39101111
-2.44627603
-2.35163215
-2.45658764
-2.43172519
-2.25070795
-2.12759756
-2.28913338
-2.08453364
-2.02225077
-2.19676079
-2.25992593
-1.93155816
-2.1797134
-2.1885897
-1.769366
-1.74290561
-1.65084698
-1.64961114
-1.67482182
-1.8873203
-1.48325875
-1.66406277
-1.35446372
-1.51435798
-1.27943391
-1.10697959
-1.20105651
-1.1108766
-1.15310051
-1.1030272
-0.99257977
-0.77045393
-0.92630729
-0.55128831
-0.79054396
-0.64813727
-0.41241076
-0.68365709
-0.66731945
-0.48618621
-0.554188
-0.2116134
-0.03295463
-0.34173272
-0.20604411
-0.06900679
-0.20987869
-0.12882979
-0.13005556
-0.17456577
0.29212301
0.06813213
0.28138702
0.29990907
0.20619584
0.01445954
0.29010716
0.00617836
0.45316865
0.01642997
0.22438232
0.11567862
0.34519638
0.17986011
0.22777981
0.09291711
-0.13291528
0.1647926
-0.1491096
-0.39639934
-0.43792391
-0.36446838
-0.43042083
-0.69157487
-0.36882741
-0.31476744
-0.87398109
-0.96121592
-0.86862951
-1.28509718
-1.01442106
-0.89731052
-1.22161262
-1.56885463
-1.57978572
-1.80594802
-2.12786857
-1.78018169
-2.03679886
-2.32136518
-2.18633035
-2.1673483
-2.61699016
-2.69828312
-2.83753732
-2.57664225
-2.84123681
-3.08782459
-2.88571755
-3.10535476
-3.15036042
-3.15813881