-0.96450362
-1.12166391
-1.17810858
-0.92583098
-1.14096922
-1.36177123
-1.2089483
-1.45862685
-1.6145588
-1.61044638
-1.7466215
-1.6241847
-1.89897127
-1.99009178
-2.20578618
-2.01446325
-1.99995095
-2.19233932
-2.42811919
-2.67692284
-2.67981337
-2.74111423
-2.95018096
-2.58374859
-2.91230294
-3.21186515
-3.31062384
-3.13084466
-3.04393116
-3.20166103
-3.0791558
-3.2723818
-3.4398026
-3.30964523
-3.22626583
-3.46399808
-3.72724727
-3.38287975
-3.99237346
-3.8360632
-3.67715093
-3.44891641
-3.45177159
-4.01959678
-3.41314012
-3.90810568
-3.76307202
-3.32245844
-3.56718391
-3.92937387
-3.90062414
-3.77154644
-3.52803109
-3.73753166
-2.97180047
-3.5465735
-3.40617847
-2.62818347
-3.24971354
-3.23461348
-3.00900788
-2.2121262
-2.53469389
-2.63357641
-1.5724561
-2.21335749
-2.00737429
-1.41744736
-1.18601419
-1.15572203
-1.95169824
-0.68230611
-0.94957594
-0.89311732
-1.30762391
-0.65717516
-1.13820774
-0.46242425
0.47690481
-0.54622587
0.61711001
-0.34230201
-0.18621331
1.04836174
1.15799994
1.1805013
0.62876474
0.74931734
0.5261533
1.22228975
-0.20119969
1.39602396
-0.1659786
-0.06396258
0.65762062
0.17085512
0.12305433
1.34844623
0.98950763
0.89215637
-0.77166374
-0.20759484
-1.75121447
-1.95999286
-1.35758258
-0.60996887
-2.43279286
-2.89149989
-2.44672692
-3.46765037
-4.53856006
-4.31435343
-5.61918313
-4.81723563
-3.77906922
-5.45896628
-6.67985071
-7.02869328
-6.70537068
-7.96041724